0 0.0204726
0.125 0.0203104
0.25 0.019829
0.375 0.0190414
0.5 0.0179747
0.625 0.0166576
0.75 0.0151305
0.875 0.0134392
1 0.0116341
1.125 0.00976911
1.25 0.00790033
1.375 0.00607973
1.5 0.00437186
1.625 0.00281858
1.75 0.0014726
1.875 0.000399575
2 0.000525826
2.125 0.00104492
2.25 0.00126132
2.375 0.00116044
2.5 0.000747366
2.625 0.000101969
2.75 0.00102331
2.875 0.00227561
3 0.00374988
3.125 0.00539833
3.25 0.00717162
3.375 0.00901795
3.5 0.0108828
3.625 0.0127124
3.75 0.014453
3.875 0.016054
4 0.0174691
4.125 0.0186038
4.25 0.0195815
4.375 0.0202179
4.5 0.0205466
4.625 0.0205592
4.75 0.0202551
4.875 0.0196443
5 0.0187457
5.125 0.0175856
5.25 0.016199
5.375 0.0146276
5.5 0.0129175
5.625 0.0111207
5.75 0.00929152
5.875 0.00748758
6 0.00576964
6.125 0.00420361
6.25 0.00286179
6.375 0.0018146
6.5 0.00109466
6.625 0.000828869
6.75 0.00122627
6.875 0.00134653
7 0.00118258
7.125 0.00106625
7.25 0.00169424
7.375 0.00258178
7.5 0.0037295
7.625 0.00511132
7.75 0.00667774
7.875 0.00837391
8 0.0101425
8.125 0.0119233
8.25 0.0136583
8.375 0.0152933
8.5 0.0167767
8.625 0.0180646
8.75 0.0191181
8.875 0.0199058
9 0.0204065
9.125 0.0206066
9.25 0.0205039
9.375 0.0201051
9.5 0.0194269
9.625 0.0184945
9.75 0.0173422
9.875 0.0160096
10 0.0145435
10.125 0.0129946
10.25 0.0114162
10.375 0.00986174
10.5 0.00838293
10.625 0.00702747
10.75 0.00583832
10.875 0.00484984
11 0.00408521
11.125 0.00355207
11.25 0.00324896
11.375 0.00317146
11.5 0.00331852
11.625 0.00369493
11.75 0.00430937
11.875 0.0051739
12 0.00630084
12.125 0.0076946
12.25 0.00933903
12.375 0.0111679
12.5 0.0131072
12.625 0.0150963
12.75 0.0170801
12.875 0.0190115
13 0.0208461
13.125 0.0225481
13.25 0.0240861
13.375 0.0254346
13.5 0.0265769
13.625 0.0274994
13.75 0.0281952
13.875 0.0286626
14 0.0289056
14.125 0.0289304
14.25 0.0287498
14.375 0.02838
14.5 0.0278424
14.625 0.0271632
14.75 0.0263709
14.875 0.0255008
15 0.0245878
15.125 0.0236686
15.25 0.0227798
15.375 0.0219567
15.5 0.0212326
15.625 0.0206371
15.75 0.0201978
15.875 0.0199375
16 0.0198717
16.125 0.0200134
16.25 0.0203594
16.375 0.0209123
16.5 0.0216468
16.625 0.022533
16.75 0.0235347
16.875 0.024604
17 0.0256824
17.125 0.0267176
17.25 0.0276368
17.375 0.0283837
17.5 0.0288943
17.625 0.0291082
17.75 0.0289856
17.875 0.0284864
18 0.0276
18.125 0.0272528
18.25 0.0269348
18.375 0.0265017
18.5 0.0259458
18.625 0.0252688
18.75 0.0244823
18.875 0.0236037
19 0.0226493
19.125 0.0216427
19.25 0.0217075
19.375 0.0235445
19.5 0.0252294
19.625 0.0267194
19.75 0.0279843
19.875 0.0289948
20 0.0297315
